2	0.000063	0.000004	0.000004
3	0.000013	0.000006	0.000003
4	0.000014	0.000006	0.000006
5	0.000016	0.000005	0.000006
6	0.000021	0.000006	0.000006
7	0.000026	0.000006	0.000007
8	0.000032	0.000009	0.000009
9	0.000039	0.000010	0.000010
10	0.000046	0.000010	0.000011
11	0.000053	0.000010	0.000011
12	0.000063	0.000009	0.000015
13	0.000077	0.000010	0.000014
14	0.000083	0.000010	0.000018
15	0.000102	0.000011	0.000018
16	0.000110	0.000010	0.000019
17	0.000124	0.000011	0.000020
18	0.000141	0.000012	0.000022
19	0.000161	0.000013	0.000022
20	0.000172	0.000011	0.000026
21	0.000190	0.000013	0.000028
22	0.000209	0.000012	0.000028
23	0.000224	0.000013	0.000030
24	0.000244	0.000015	0.000032
25	0.000268	0.000015	0.000033
26	0.000283	0.000015	0.000038
27	0.000305	0.000015	0.000039
28	0.000344	0.000015	0.000039
29	0.000348	0.000015	0.000042
30	0.000372	0.000016	0.000044
31	0.000401	0.000017	0.000046
32	0.000471	0.000018	0.000051
33	0.000462	0.000016	0.000053
34	0.000494	0.000016	0.000055
35	0.000525	0.000020	0.000058
36	0.000560	0.000020	0.000062
37	0.000604	0.000020	0.000062
38	0.000625	0.000019	0.000081
39	0.000657	0.000021	0.000080
40	0.000692	0.000021	0.000073
41	0.000738	0.000021	0.000076
42	0.000781	0.000021	0.000082
43	0.000810	0.000022	0.000084
44	0.000855	0.000023	0.000089
45	0.000879	0.000022	0.000091
46	0.000919	0.000023	0.000095
47	0.000961	0.000021	0.000098
48	0.001003	0.000027	0.000103
49	0.001036	0.000027	0.000108
50	0.001090	0.000027	0.000113
51	0.001114	0.000028	0.000115
52	0.001163	0.000029	0.000118
53	0.001196	0.000028	0.000121
54	0.001247	0.000028	0.000125
55	0.001302	0.000029	0.000128
56	0.001353	0.000029	0.000135
57	0.001412	0.000029	0.000158
58	0.001458	0.000033	0.000146
59	0.001505	0.000031	0.000150
60	0.001632	0.000033	0.000177
61	0.001578	0.000031	0.000161
62	0.001616	0.000032	0.000167
63	0.001671	0.000037	0.000173
64	0.001736	0.000038	0.000176
65	0.001791	0.000038	0.000180
66	0.001857	0.000038	0.000187
67	0.001939	0.000039	0.000191
68	0.001983	0.000040	0.000199
69	0.002050	0.000038	0.000204
70	0.002145	0.000040	0.000210
71	0.002178	0.000039	0.000213
72	0.002245	0.000041	0.000218
73	0.002316	0.000042	0.000228
74	0.002408	0.000042	0.000260
75	0.002502	0.000045	0.000242
76	0.002635	0.000048	0.000290
77	0.002608	0.000044	0.000253
78	0.002672	0.000044	0.000257
79	0.002733	0.000044	0.000264
80	0.003110	0.000097	0.000444
81	0.002883	0.000052	0.000280
82	0.002996	0.000053	0.000283
83	0.003032	0.000052	0.000290
84	0.003093	0.000053	0.000298
85	0.003167	0.000054	0.000302
86	0.003257	0.000054	0.000310
87	0.003326	0.000055	0.000318
88	0.003427	0.000056	0.000328
89	0.003488	0.000056	0.000379
90	0.003562	0.000056	0.000361
91	0.003704	0.000057	0.000352
92	0.003736	0.000058	0.000359
93	0.003828	0.000060	0.000370
94	0.003906	0.000059	0.000385
95	0.003969	0.000059	0.000384
96	0.004041	0.000059	0.000397
97	0.004133	0.000059	0.000402
98	0.004321	0.000063	0.000460
99	0.004354	0.000070	0.000429
100	0.004448	0.000077	0.000429
101	0.004559	0.000078	0.000445
102	0.004594	0.000072	0.000451
103	0.004636	0.000070	0.000452
104	0.004721	0.000070	0.000474
105	0.004892	0.000075	0.000487
106	0.005002	0.000074	0.000493
107	0.005025	0.000074	0.000500
108	0.005085	0.000074	0.000502
109	0.005175	0.000075	0.000514
110	0.005252	0.000075	0.000523
111	0.005341	0.000073	0.000531
112	0.005505	0.000083	0.000593
113	0.005576	0.000079	0.000564
114	0.005637	0.000078	0.000563
115	0.005702	0.000080	0.000570
116	0.005809	0.000080	0.000597
117	0.005917	0.000081	0.000596
118	0.006069	0.000087	0.000622
119	0.006189	0.000081	0.000627
120	0.006239	0.000092	0.000631
121	0.006330	0.000090	0.000634
122	0.006462	0.000137	0.000696
123	0.006716	0.000094	0.000672
124	0.006648	0.000096	0.000678
125	0.006870	0.000092	0.000709
126	0.006924	0.000097	0.000691
127	0.006902	0.000096	0.000699
128	0.007028	0.000095	0.000718
129	0.007175	0.000096	0.000725
130	0.007382	0.000102	0.000742
131	0.007444	0.000099	0.000766
132	0.007565	0.000098	0.000761
133	0.007669	0.000100	0.000769
134	0.007813	0.000100	0.000812
135	0.008029	0.000106	0.000810
136	0.008080	0.000103	0.000891
137	0.008213	0.000103	0.000826
138	0.008317	0.000103	0.000838
139	0.008527	0.000107	0.000871
140	0.008875	0.000109	0.000890
141	0.008817	0.000110	0.000873
142	0.008918	0.000106	0.000897
143	0.009065	0.000119	0.000930
144	0.009277	0.000121	0.000928
145	0.009291	0.000115	0.000930
146	0.009390	0.000115	0.000945
147	0.009514	0.000116	0.000957
148	0.009636	0.000118	0.000983
149	0.009779	0.000118	0.000987
150	0.009916	0.000119	0.001002
151	0.010050	0.000121	0.001014
152	0.010206	0.000121	0.001028
153	0.010347	0.000121	0.001042
154	0.010638	0.000127	0.001068
155	0.010726	0.000127	0.001083
156	0.010799	0.000126	0.001089
157	0.010937	0.000174	0.001143
158	0.011196	0.000134	0.001146
159	0.011248	0.000131	0.001176
160	0.011409	0.000156	0.001190
161	0.011609	0.000140	0.001197
162	0.011674	0.000137	0.001178
163	0.011895	0.000136	0.001279
164	0.012003	0.000137	0.001231
165	0.012167	0.000139	0.001239
166	0.012313	0.000179	0.001238
167	0.012553	0.000138	0.001259
168	0.012487	0.000144	0.001274
169	0.012668	0.000147	0.001347
170	0.012891	0.000152	0.001332
171	0.013026	0.000153	0.001320
172	0.013231	0.000160	0.001341
173	0.013288	0.000152	0.001356
174	0.013405	0.000152	0.001385
175	0.013712	0.000159	0.001393
176	0.013810	0.000157	0.001409
177	0.013880	0.000156	0.001420
178	0.014201	0.000164	0.001450
179	0.014168	0.000156	0.001470
180	0.014453	0.000158	0.001478
181	0.014592	0.000158	0.001504
182	0.014619	0.000160	0.001518
183	0.014905	0.000161	0.001531
184	0.014936	0.000162	0.001548
185	0.015098	0.000218	0.001795
186	0.015561	0.000173	0.001620
187	0.015399	0.000166	0.001611
188	0.015569	0.000169	0.001740
189	0.016066	0.000198	0.001656
190	0.015915	0.000182	0.001673
191	0.016335	0.000182	0.001721
192	0.016474	0.000176	0.001710
193	0.016486	0.000218	0.001737
194	0.016777	0.000204	0.001763
195	0.016775	0.000192	0.001847
196	0.016947	0.000224	0.001791
197	0.017307	0.000196	0.001857
198	0.017348	0.000214	0.001832
199	0.017635	0.000213	0.001854
200	0.017576	0.000196	0.001900
201	0.017796	0.000238	0.001950
202	0.018180	0.000197	0.001905
203	0.018109	0.000213	0.001937
204	0.018438	0.000200	0.001941
205	0.018427	0.000242	0.002060
206	0.018593	0.000222	0.002014
207	0.019096	0.000224	0.002039
208	0.018863	0.000203	0.002045
209	0.019333	0.000217	0.002038
210	0.019243	0.000207	0.002058
211	0.019466	0.000218	0.002125
212	0.019798	0.000210	0.002104
213	0.019847	0.000217	0.002161
214	0.020149	0.000213	0.002154
215	0.020158	0.000221	0.002186
216	0.020272	0.000216	0.002198
217	0.020750	0.000223	0.002288
218	0.020628	0.000218	0.002237
219	0.021163	0.000231	0.002311
220	0.021047	0.000245	0.002302
221	0.021574	0.000231	0.002374
222	0.021345	0.000223	0.002327
223	0.021619	0.000232	0.002375
224	0.021985	0.000233	0.002381
225	0.021817	0.000229	0.002407
226	0.022228	0.000233	0.002416
227	0.022193	0.000234	0.002437
228	0.022771	0.000246	0.002526
229	0.022634	0.000243	0.002502
230	0.023286	0.000255	0.002546
231	0.023024	0.000257	0.002546
232	0.023482	0.000249	0.002571
233	0.023527	0.000281	0.002591
234	0.023484	0.000246	0.002602
235	0.024128	0.000259	0.002634
236	0.023843	0.000281	0.002672
237	0.024474	0.000262	0.002694
238	0.024170	0.000249	0.002716
239	0.024861	0.000268	0.002763
240	0.024710	0.000293	0.002778
241	0.025225	0.000278	0.002787
242	0.024984	0.000270	0.002797
243	0.025589	0.000271	0.002826
244	0.025308	0.000261	0.002855
245	0.026004	0.000292	0.002897
246	0.025689	0.000262	0.002909
247	0.026371	0.000276	0.002928
248	0.026140	0.000279	0.003052
249	0.026968	0.000277	0.002986
250	0.027431	0.000286	0.003051
251	0.027103	0.000351	0.003184
252	0.027227	0.000324	0.003092
253	0.027583	0.000282	0.003254
254	0.027543	0.000284	0.003133
255	0.027704	0.000300	0.003149
256	0.028153	0.000293	0.003300
257	0.028542	0.000302	0.003272
258	0.028470	0.000315	0.003235
259	0.029328	0.000311	0.003267
260	0.028942	0.000336	0.003338
261	0.029505	0.000313	0.003612
262	0.029347	0.000303	0.003462
263	0.030156	0.000326	0.003419
264	0.029884	0.000331	0.003379
265	0.030649	0.000328	0.003404
266	0.030412	0.000332	0.003435
267	0.031096	0.000334	0.003465
268	0.030992	0.000365	0.003503
269	0.031768	0.000408	0.003564
270	0.031522	0.000374	0.003593
271	0.032169	0.000338	0.003564
272	0.031988	0.000334	0.003805
273	0.032787	0.000355	0.003904
274	0.032421	0.000331	0.003885
275	0.033677	0.000370	0.003673
276	0.033011	0.000340	0.003882
277	0.033821	0.000391	0.004001
278	0.034153	0.000433	0.003930
279	0.033931	0.000502	0.003996
280	0.034658	0.000356	0.003890
281	0.034376	0.000353	0.003903
282	0.035134	0.000360	0.003961
283	0.034823	0.000389	0.003997
284	0.035558	0.000363	0.004057
285	0.035332	0.000370	0.004110
286	0.036272	0.000425	0.004193
287	0.036020	0.000430	0.004319
288	0.036829	0.000397	0.004151
289	0.036808	0.000387	0.004140
290	0.036591	0.000390	0.004210
291	0.037601	0.000402	0.004227
292	0.037055	0.000389	0.004325
293	0.038140	0.000389	0.004384
294	0.037877	0.000378	0.004552
295	0.038577	0.000452	0.004546
296	0.038837	0.000403	0.004414
297	0.038484	0.000396	0.004350
298	0.039304	0.000454	0.004514
299	0.039088	0.000476	0.004904
